430
21967
-1388
22088
22103
15958
28368
-425
7902
6908
12721
3972
13115
25205
201
11848
609
-983
28489
2102
24603
23113
21388
3863
25682
3637
10461
23142
964
15195
23859
23971
895
14670
27613
25438
12193
317
252
18712
-1280
19962
25867
20234
11191
28142
26455
-1926
25790
29201
3115
17167
1822
14122
894
-1004
26990
28347
1917
15737
26719
14547
11258
12821
3838
7835
15944
1703
19399
29574
13690
6357
17315
20456
17595
26158
25269
29901
16250
-787
16190
6422
6114
14074
19741
29482
7793
7074
11646
26119
22762
3647
16656
24251
29758
9067
11456
9319
965
9241
7262
15320
23481
6333
23427
12439
26532
4584
19595
-1285
11611
-453
3922
4917
15005
14445
4759
14269
18954
12748
16072
19111
508
6271
15735
19324
20385
26367
2537
23040
19982
3212
25830
4438
12425
18219
14922
24839
12120
1910
6003
158
16913
29255
12
8530
18597
1899
29680
21578
13299
23472
21817
13444
7540
10766
23209
16256
27142
6331
27667
1807
29128
13325
23539
20116
19246
6519
12239
23610
22194
20936
26901
8691
3499
3996
27383
10120
8085
12578
13012
28247
22869
9525
13693
17396
22864
19147
17202
23667
10279
24577
11024
16320
-580
16910
26213
17914
23820
29553
14162
7963
1049
-581
29423
29476
3523
29230
21738
6052
18983
10247
21829
20925
27683
1736
9370
12461
-146
18484
17528
-1315
18456
17407
8275
6194
319
11378
12932
2960
23198
24647
24444
6412
-1124
5742
5502
23114
-462
13503
11991
22658
16788
27168
14747
-1850
20737
25010
21792
3302
-107
10510
5519
6959
20663
1143
7765
18480
14588
11883
25994
5883
5741
6100
24581
25825
28514
8684
16934
21659
13911
12288
8931
19855
-1873
5489
13406
23698
23401
718
7335
16028
-1217
10154
26897
6558
18086
18792
8173
12377
8874
18829
24053
21926
26827
22648
2738
15984
20716
21562
20014
20955
15690
15431
23029
11180
5717
19377
2498
20667
3772
17618
27704
3304
14181
27247
-819
23199
4522
19415
11568
28340
6551
11183
13704
11559
-464
8329
20066
19590
25000
26928
1398
17972
6836
29401
11677
19527
25091
-1720
5382
19315
8649
6619
20358
28572
11160
24559
2534
12991
21767
2990
5388
28639
26944
3898
7163
24783
13266
5961
24449
2743
5757
17025
13737
-92
290
-556
5862
3683
10461
28656
11603
12105
-1176
19141
-1200
28453
21390
22117
2332
25468
12326
14844
18401
4561
23049
26319
28873
24891
24240
10245
14431
18093
25308
2744
22249
4192
21042
2280
1436
22906
13568
10078
17448
21551
19034
28654
9520
29044
6393
11513
19003
2353
4699
11274
23324
22387
-842
15228
20230
24983
19497
11021
5727
16750
1071
25457
8173
15035
26677
26506
25690
3976
1804
5063
26425
-1863
6136
15674
16161
23201
22353
23283
27308
-1643
1986
10638
7530
23602
12529
-491
5431
26685
17873
248
2572
26944
4321
4329
15656
8232
13617
7137
14900
24597
6517
19779
19158
28032
26551
28115
14053
227
4481
17013
12567
4783
2040
5157
9290
2674
12201
7918
7637
501
22226
14229
26170
12356
21987
19610
22161
16185
27718
27151
15189
443
17294
27755
21367
24324
23331
8593
21754
15406
-571
24376
28942
23372
3475
5675
15821
22229
1303
13150
21856
24601
3801
27888
28292
8210
6448
-187
2492
24661
20006
28101
14201
281
3558
15099
18900
-1145
3772
24581
3038
28431
6422
21875
29651
22633
17507
25003
18803
3155
27005
-1746
24487
28458
17552
19302
25073
13856
14028
25012
-268
5897
3994
7958
25930
-282
23654
10794
12920
305
18543
22424
20519
2939
274
28348
8350
15554
18198
4444
27512
25069
23618
10461
29170
27277
9381
23768
25111
23704
3838
28906
9982
17295
12200
2853
3771
9320
4768
4202
17687
-1523
15126
15639
2881
21194
2274
29111
-593
24791
12431
6737
27646
29763
8578
3890
4470
-1520
21957
5527
27089
23647
753
-953
5122
-735
10768
8317
10642
1756
18860
25897
22668
464
-1958
5421
24542
24937
5817
17986
1688
5225
11105
26049
29208
14998
24112
4579
7018
17163
27744
2917
13027
18750
16723
13055
16328
10801
3498
18317
18947
14679
11673
15232
14817
19784
20906
23463
24881
22326
28323
28815
8166
-475
1007
22894
9564
16807
-750
22716
28596
19553
16874
6427
20632
14500
26556
21993
28705
381
12382
15150
9880
12410
-1331
20564
19460
26488
11192
27598
22388
1779
5651
21771
15466
2362
20363
24955
21797
4115
22213
-132
8845
18529
21637
29552
1980
28819
963
14442
14635
19825
6595
26405
1116
28913
19274
17656
12293
22072
6122
4092
15785
13116
11170
15211
15488
16120
1004
10429
2254
24285
13419
12664
17185
27849
3500
25123
24133
29730
13672
10469
17691
20991
13032
28527
29863
22810
-1273
20413
3687
8539
2941
26644
9517
13029
5290
26541
18674
20272
28834
22833
27307
4588
4272
20373
18565
21681
18940
3730
28016
16088
760
16352
22047
26464
-975
27544
21335
19922
22929
12647
1566
20083
26995
18691
-1233
9685
2498
9813
25704
29317
18660
2602
15116
29841
1880
25598
909
8605
16470
8361
23171
27960
12442
9269
4163
25281
15949
6173
19220
29093
20414
29106
2101
4704
20501
19970
19764
15826
14613
28429
5990
1696
27870
29528
22146
24825
16420
20138
13640
9848
28602
2324
24071
24316
16621
-1976
-1676
10174
26311
15219
10919
3897
13146
2394
817
10806
7821
25568
7189
7162
10809
13056
11469
28729
28482
4741
15720
18124
23740
16941
22048
4371
432
9253
7411
12596
3724
17787
5574
27479
9999
16498
3043
5205
3908
2644
3539
28042
11694
3397
17076
10328
25263
24242
18957
5221
21580
4236
24460
23529
19421
19358
27075
973
26787
24330
3206
15650
27026
15480
25941
18979
23240
18528
15613
14071
7810
18381
8082
11308
17019
25277
25392
21961
22727
11426
17745
14962
10400
4378
15673
22312
2627
18876
2173
17697
24321
5287
5103
24132
22875
23220
24822
16520
23941
1744
-414
18071
27848
24913
4002
5253
27072
15729
29927
27915
22916
14799
22052
-593
15662
19598
1622
6466
6453
6809
21794
6634
3531
15566
10872
21076
5036
22448
8106
20005
3133
4176
26478
10120
-379
17574
4533
26317
27321
15363
26401
21897
26791
20752
3325
29775
22416
14152
10081
135
25119
18322
3702
8
22068
20117
9390
1437
3138
23706
29254
21564
1554
17662
721
13258
4434
27370
6172
10524
5102
21674
3856
4120
21116
11432
14733
5574
9385
13619
29470
1295
2002
8829
20745
8460
16801
2819
27321
20663
28779
7712
1811
-187
4911
17563
18245
2533
22564
19553
25682
25543
23657
8951
13097
10896
15109
-1444
199
15272
17074
9980
25268
16295
28528
15188
19566
4132
10756
24996
3951
-909
5806
27334
287
16375
26911
14221
24073
27198
9030
7480
19791
5241
3358
10546
14369
19156
8838
-709
6695
12021
10968
22744
4091
23146
5614
19382
24701
2743
16434
5789
22972
6732
5481
7217
22526
13437
4522
20035
15158
14845
15540
7094
20886
12596
14063
20345
8446
11048
19686
23588
27716
23075
9708
12076
21696
15274
10119
7563
24076
16835
27855
2291
20845
6724
-1229
18325
20394
29042
21365
5574
21587
11060
5990
10028
1461
28204
25214
25228
2190
9538
7170
18993
2676
8222
29455
13793
21346
3734
18251
29289
26933
15611
11656
7117
22905
4492
17253
28213
12529
13628
23713
6813
-1961
21
17001
17409
22208
29561
7453
19419
20073
20025
24737
4945
5908
15420
11968
14330
13607
27972
11866
12763
28009
6966
4359
18598
26361
7411
9310
16047
28230
-1010
7531
2020
13174
14684
20945
5457
6965
-118
1655
1696
905
3018
6340
7951
7272
2067
27699
17685
21673
13320
9443
8419
22745
19656
-1112
19856
28516
11381
6796
4359
-128
26576
5877
18292
2057
12598
19381
12050
22253
5559
19634
9804
1416
27230
17193
2346
7320
12183
10748
26584
21445
4549
13721
29882
10888
5736
22402
9279
25068
4699
-1732
13248
2662
10553
27997
2768
25840
14418
59
25746
6845
24993
17761
29258
10979
8269
3190
19574
6135
2401
18250
4638
15958
25656
23174
15333
849
7756
7231
9951
4613
1979
20590
18752
8741
17239
-1687
28445
27007
14313
18568
-411
28139
592
-1844
928
8194
23590
-1291
9624
1397
29455
24590
15832
10183
26709
6949
5900
7221
9171
17034
5566
27273
26675
1332
5586
11128
5894
57
14776
28685
5881
26505
23883
26789
10735
5068
15480
12502
27067
23069
2754
14445
23639
20103
22509
-451
5806
1451
26403
25818
1980
9347
4863
11876
5074
24286
9117
4401
26748
-1828
24812
14076
-1031
-582
19663
3576
17875
883
10914
23517
29848
10113
22118
14460
1549
22304
17981
8506
23181
11297
13269
4449
19522
17368
23521
14255
29376
13098
26153
-1959
14112
9328
10393
21481
9788
-1469
3386
10851
5480
8447
14250
2398
17793
10407
19694
19431
9034
15114
18711
26855
26031
23731
21589
5631
18223
17286
943
18545
19116
17305
253
11918
3806
12349
17763
13969
24502
3358
12166
3031
15724
9130
-199
27495
5025
27337
11820
25646
23910
-1042
-785
15786
-1131
19889
28683
15369
26504
9122
-171
25824
24693
-1679
8689
25526
16607
23304
3913
13532
138
26803
21441
21440
13207
13875
23160
18640
12651
21449
2373
4887
5254
11172
14356
14186
5190
17792
21323
23520
24558
22438
9561
17735
20824
8122
11889
24601
17099
11719
19515
24049
20553
8344
19785
19324
8502
-730
10407
14461
24898
3708
23689
13204
27717
18055
13934
2320
23434
-190
10208
9038
28683
28540
5014
17176
25539
8663
14091
20852
-1449
-1015
4762
26826
17273
3249
29275
27339
1573
17809
26070
7209
23023
21100
28001
23157
3122
20947
26561
3761
3936
19716
24814
14019
13744
15602
11524
29571
-543
9777
19860
10237
4072
3691
24390
17514
25723
-1574
10247
26889
29905
17011
17890
-215
12950
25873
2687
8448
20933
-898
5893
15762
23989
7851
20850
8822
27975
29494
1656
18594
7836
26551
17608
26686
20683
28009
6878
15015
17872
24640
16581
19953
14932
7932
3071
25439
-1365
2494
20355
10235
24361
17541
2472
20324
27994
26368
20264
19241
22214
16863
7105
12703
29433
26659
15420
8188
16924
29693
27327
-768
24782
21465
-1515
18215
4773
11023
21508
10751
8371
9130
23759
14413
17697
28349
12343
14807
-1053
3549
-320
-477
6051
20509
9413
25674
13088
16921
19983
9357
4426
12096
10504
28797
17239
25177
24090
29986
26647
20631
-623
28943
26442
369
17376
13364
25513
11005
14446
13201
9283
29179
17870
7405
-1311
8391
2916
9285
6995
4933
18809
23243
2892
9519
3682
-43
17932
15480
26426
14251
-37
6413
8940
14790
-343
19395
22938
27713
24600
6954
23771
27542
17155
19652
21598
27538
6998
20150
311
8339
1173
10409
-924
17759
25090
1755
11291
12795
7627
3953
13006
5913
15819
4809
6217
25915
10550
-221
20870
-1693
25269
9131
9179
-1952
15950
18717
19542
17055
13374
433
6612
24243
-1350
12379
20939
5588
11936
7648
4664
9100
12286
18758
3831
1276
7678
26727
24957
19739
13111
18895
23013
14396
14810
-1261
21810
5073
17615
10079
12050
13696
14804
22918
9126
22611
28662
13891
2602
26431
23619
16229
12595
27048
7704
-1059
2263
-1454
767
29853
1335
20775
14219
10421
24514
10997
7021
17329
2906
18253
5351
14899
-980
13207
22550
26778
25288
11529
28507
10107
11533
16251
20899
2415
-769
17091
860
21266
18925
7470
9783
961
16306
11920
23872
11703
8700
5964
-1860
17925
20825
8243
24239
-120
8734
18058
-614
25258
16876
-1048
15529
4064
9088
16277
-1809
3983
13896
5625
3369
11853
18673
-1077
18588
5655
6477
1362
16749
26896
22714
29202
16994
19823
3408
7944
17623
1428
17865
20150
3158
28832
29119
14034
21368
1004
22460
18203
12259
16246
11735
27610
2370
16316
19048
25042
26541
17695
27214
7805
18101
5600
2321
18446
15281
7179
-643
3506
-253
12524
15256
5637
19227
23575
22918
19348
1860
18311
24360
5889
3300
7912
28210
21745
24566
-1497
3070
9680
12326
23598
8193
8394
13344
3159
1587
28700
14157
25116
5370
12734
23562
4227
20789
12727
9372
23059
29102
12703
7650
1441
795
1813
20210
7758
11614
4678
2925
12027
29875
1802
25809
23400
18765
17750
24428
18626
4139
23122
23987
19881
6083
18753
23437
20330
27122
26806
29162
8509
7890
11798
11077
28142
6277
22773
27065
24669
27687
6369
3081
16424
2860
7431
18362
24292
21910
7607
24884
22296
18272
28669
9341
3627
16465
27930
21281
12815
11536
-504
23363
23826
27833
17252
4857
25513
4998
13472
19446
-231
4936
14205
27062
24992
22243
1492
616
8666
1669
15711
16057
18822
1534
18963
23506
4719
19256
16877
12267
8439
689
23048
-1544
16982
5165
-1439
17579
21475
7015
20530
-1971
14809
2335
26526
26438
21573
-566
13452
24394
14216
16045
4081
22948
-767
6752
19024
22946
16848
27515
27772
5851
-1208
3736
19596
26441
23840
6205
3021
4397
12621
27102
6781
12858
14870
2056
11472
13094
364
14162
23225
1316
27709
22076
23518
8903
7232
27336
21894
14456
3496
-532
9264
5695
-527
-488
20686
29477
-357
20789
22227
-1421
13619
3789
18894
3898
16318
21919
23022
4865
12106
-382
25811
6815
6105
4332
6874
3157
13997
27106
1237
12332
23013
9988
11777
19200
9739
20465
29695
2103
7607
-1682
22423
11333
1338
24580
15013
7302
14372
-1525
21239
19697
11301
29083
22908
1572
20572
17306
23458
21930
-885
29513
14609
-984
26319
29704
6891
2722
14764
4618
22685
6064
11920
5191
5328
-947
-1509
28796
18441
15628
27383
4187
27169
603
13489
2367
2431
27810
-643
10825
11872
26381
-34
-555
-1236
8538
19316
26575
2666
-444
3045
-45
16339
24756
26741
24584
11819
25449
16502
29076
28615
2665
3931
19765
13933
18189
20966
-1693
13834
24195
16653
2735
1262
1328
23144
28416
185
22472
10812
7272
11467
226
22071
8163
27998
-1086
28364
22812
21564
17047
-88
14005
24518
19401
25526
454
20998
23065
13708
27230
15799
6767
12660
798
1230
-1089
8916
12153
29713
7343
2484
21066
18955
16981
1668
27623
21544
7262
14419
8493
-1352
24191
13936
14561
20240
13407
-1472
3384
122
24068
5899
12548
18809
23889
3157
199
28443
26526
10255
5678
23590
10291
4766
1279
15629
7847
5749
610
6126
8896
20909
9966
14354
6476
6104
-508
7381
18806
5964
5848
26811
23750
23858
24449
6107
4039
25678
19437
15424
2732
29368
2583
8396
13998
9265
-1412
21377
165
9802
23753
18794
29458
9278
13973
12363
7525
22556
4380
21568
25528
5643
4330
22583
4576
8523
28759
12063
24711
22226
6088
22784
2684
16488
6775
26783
18339
2755
22647
-1612
27284
25035
20156
3473
10356
20259
12932
22337
2726
9086
20253
10779
24800
29434
1496
-1946
1421
5718
14354
20620
28728
3617
-588
19532
4113
28324
-1689
19110
5121
13116
24666
28778
17370
9718
6196
5120
14149
29077
21908
25937
20320
10047
7555
16471
14648
-191
16140
12378
3988
28213
6039
23466
24714
22706
25258
4029
21891
27186
10402
21982
6049
13315
10701
18561
10610
4758
2014
22636
8845
15242
20349
22553
21458
25963
2897
8117
22707
8514
20840
5711
5620
22452
5350
4218
13288
10482
27444
23802
21976
28799
18341
23634
8663
13011
2404
10089
10732
19414
4204
2224
15273
20955
17784
27046
7571
1219
29350
26934
2873
13274
5676
2783
8674
28343
4348
4067
25097
11589
-516
7379
27857
5055
-82
27374
3601
19110
26163
26818
29949
17526
17575
3463
782
21963
8357
29220
912
27593
14801
2387
18293
941
12005
28971
14960
12821
12146
18693
14058
17560
26521
28294
20160
3854
774
3508
-43
29575
21477
4525
23362
7569
2361
-1446
28340
8585
3071
2786
17074
7293
20494
3628
20106
4267
19433
-803
12096
8897
23735
-502
16340
9528
29214
15031
27074
21129
16741
17845
14484
20654
20132
27723
24473
29129
25581
27
19642
1423
26906
18069
25580
4429
22306
20352
19505
17000
11109
4119
27578
10343
16601
27292
22450
-1455
5035
12905
28033
5588
21294
4605
12169
1132
9324
25042
3132
11009
23882
11035
7177
6748
2125
15011
14
3202
3673
21195
6327
3208
28311
862
19984
10107
29001
4071
-734
12277
19566
18605
9491
26815
25257
-1234
16299
15983
22860
5437
20892
25070
26468
10253
17709
5943
6514
9071
22271
21167
21375
6215
22431
17910
29823
21863
21255
21694
4844
25720
28903
883
-366
28506
10438
24619
17869
19424
3023
26737
22044
14171
7765
13229
10835
29414
24059
16195
123
26161
9061
13726
2964
-1980
12156
1189
7760
19404
3071
25313
23080
16655
5027
9805
28224
23497
6412
12070
19711
-1363
-963
14602
13676
7407
2909
17076
11384
9586
630
27586
16631
18191
10275
10000
23664
-465
27489
54
9212
15899
11965
29898
12749
12492
-1081
26844
13249
15322
9031
10392
13793
19654
20992
17024
28135
24206
12906
1992
1510
8672
23366
19521
22948
26638
1640
25814
4766
28605
39
17987
7495
19957
20733
22457
8379
4428
12473
2062
231
29284
10560
17235
742
5217
11153
4890
16114
5623
9120
8667
5066
21819
5146
6464
15304
29428
18739
639
13210
9879
21020
-530
9324
12727
9674
9020
20312
1123
2621
27813
11222
21423
11415
6723
542
22469
-863
12880
952
10512
5633
3646
15
9550
3187
16605
24865
18739
4685
3820
49
5448
23292
5468
13330
21365
26705
11904
24307
28163
17224
9895
13151
13465
3566
-1812
12463
-1595
18922
24425
20173
26488
12116
20012
18944
28364
3046
11633
29030
279
6773
7129
4550
18663
24581
20100
21083
9988
-1827
7183
5413
20000
26591
-182
19197
15122
21027
8375
19449
2470
20336
3825
14572
16630
10279
20454
8461
13098
9694
29978
4493
11898
20334
7071
21464
10128
4514
8668
21917
9899
5249
20181
2565
-813
429
24508
26254
21986
-922
25021
4777
16045
5504
26885
29752
21952
25002
4345
25177
17204
18024
26585
-236
24549
17949
13762
13965
9106
24201
18121
1431
11061
22270
4401
9378
12618
11836
1687
26061
28529
11412
1183
-316
10294
5806
5235
24855
18425
13373
26619
3481
2879
19625
13466
8476
13498
23644
14771
-1657
18266
7437
15562
24089
28207
25337
21670
8587
17764
7973
26420
29595
11443
18501
6509
3091
-917
-1481
12073
23896
23128
15786
10492
22571
14426
11783
12738
23194
13669
4199
13203
16577
14149
-1301
5206
14418
4543
7597
3502
591
16633
28097
14735
8567
22991
16012
25272
29595
14675
25899
-1098
11905
24933
28385
16091
10744
25269
26398
12590
15584
24427
29521
19317
24462
21585
11327
18519
9926
21362
24479
9233
19155
23221
-394
3195
6324
-1773
24331
12205
16743
21006
1354
-810
27911
11074
18135
9829
6264
8265
18031
6927
12754
7338
1853
29483
25609
17208
268
11319
4593
15951
4754
11879
24214
18089
21764
2358
2085
26713
25429
6177
10591
25696
9661
7856
16336
-157
1709
10862
17117
26147
24607
3575
-12
10530
26827
3536
9747
12223
1323
-47
20175
18455
3823
9544
24913
26073
16569
907
20121
18566
11484
-1140
-1544
5053
3517
2815
27099
20515
-637
-1248
10097
9998
28374
9730
7200
77
13484
8052
23959
-151
23782
4871
1356
14736
23900
13379
-58
5495
19604
16852
426
28859
9486
19179
4542
14174
22883
-1163
2804
5124
18524
14038
8886
29096
23239
12364
2203
27264
1386
15506
-652
20449
18028
22568
14416
28660
2729
13069
26283
8917
29212
13092
25280
29405
10693
1721
29242
20025
8838
820
27463
1853
8644
8774
24826
-1616
23491
4782
20278
22579
5902
7228
9944
10745
20551
3483
5545
3512
20545
25774
12853
26670
28035
10176
15170
25185
9278
19464
12747
23520
7972
23378
10788
11208
28796
17702
22733
6703
10891
26514
25967
6486
27399
4910
-283
12146
11563
17415
15066
6052
16592
16033
3916
184
18589
2588
12927
29956
12896
25011
17247
11278
8346
15506
15885
13161
2035
10644
16913
8361
96
18043
26655
27483
-873
27188
22809
17699
18722
17342
1223
27363
22024
9388
11565
28999
27068
-1900
3742
3695
5016
26769
15374
17615
18370
11659
2466
4338
24881
22140
27067
14285
4871
18206
14828
25434
28496
2706
2278
15033
9084
18911
25947
15767
15555
769
4048
23628
5324
21597
15523
8019
12329
9286
23701
6550
4683
19139
26194
27249
14168
24441
18636
-393
851
6978
16027
28201
6155
19665
6802
23654
7376
463
16528
16119
19665
22369
9672
7887
7997
19599
27412
4238
6805
7758
27571
7931
15623
24417
11341
21383
5683
22750
4088
24499
29736
1973
26969
28971
15476
6805
20572
5468
21188
28907
22670
18485
14450
983
4708
29743
-883
23308
5675
24260
15330
1619
5094
8397
17392
8313
24035
24123
5818
16917
21828
23660
-459
21042
14271
18039
9091
14035
25552
21846
21325
15002
16668
2205
25378
11091
-1272
27480
29018
15523
13656
12686
20801
26758
6213
10909
10276
21160
24689
17750
8665
6890
5232
18715
7448
13799
15762
218
9887
28007
9574
23246
21790
18788
23487
29415
26620
15460
6811
26482
1735
5564
23779
19228
850
3734
4050
7061
14432
26532
25952
-200
25659
29285
-324
-175
18501
22118
19644
24328
14096
3483
21364
15972
15884
17034
22739
13380
12513
11395
15216
16338
24780
16084
4056
-1924
25683
24603
18276
16387
18843
23770
23331
9276
1284
5132
28335
21201
-1334
19734
9176
17951
29906
3450
16061
28806
12082
14456
4563
28943
160
3080
22835
11826
23049
16665
24501
12305
-1922
18160
18295
27906
7621
18950
-1872
8227
4276
-1013
7198
11741
8278
25773
27422
764
25222
3428
6122
3717
13398
23817
26799
12425
11834
27027
24535
17432
6862
28010
20864
5018
292
11005
28144
-225
28213
7572
25068
27956
6424
4313
3549
25880
27705
28669
20775
27172
3404
6009
11107
3849
5205
27842
14997
16934
28967
8061
28271
11096
15649
17415
18708
26813
23290
1687
3290
3216
4759
947
19960
26654
-458
2402
10742
4819
-158
29128
2575
7534
925
12543
-573
14724
29001
12944
23819
20666
14562
13604
16200
25270
4576
8035
4208
25537
29126
2132
18014
22840
19796
6604
27281
1432
27636
5696
23457
25006
16952
7009
23922
2228
24814
12172
27907
17593
2606
15672
19119
9769
5613
6266
18763
12777
15875
20259
12939
17304
23329
22230
12289
12435
1445
23561
21119
6286
19145
2372
4914
20001
23781
8406
6994
14845
24840
20278
13605
19685
-1863
18744
-349
16779
17824
26745
8323
18279
5608
18230
10444
618
24865
23740
19700
-110
15234
23961
28054
17613
10502
2560
4456
5317
26660
4984
18602
6837
23259
-1100
24059
6662
4807
25731
-245
14140
21790
19291
16161
20493
22224
25611
6578
14135
16885
2662
10983
14352
597
23516
24760
29746
21652
20252
4842
17844
29715
359
6395
-1871
17158
1722
17825
18686
3012
18180
18699
-896
3545
26223
19238
21834
21780
29816
27722
12335
20292
23587
12261
12085
2399
9904
-75
25393
24430
20861
-1633
26439
22718
13214
21259
17325
19954
-578
4773
5490
29555
16634
26049
23599
9542
7915
21504
2422
12902
12273
25807
26816
8361
2431
10979
3158
23743
2106
13797
4221
4442
7068
12075
14410
2219
-1017
13191
29287
23557
10103
24137
23675
15642
21813
24168
28019
24206
8603
18635
22024
17921
25857
1517
8336
240
28357
25580
23938
20388
-1412
21376
18629
26426
26177
21475
24416
16504
20608
25263
19011
8251
16455
3496
6700
16452
3509
24823
-227
18006
7313
27977
7991
-1275
10987
13817
-104
-1705
13117
16813
2183
17594
18353
15130
18117
15866
5596
2784
7492
4268
2531
7681
29211
1178
23497
3141
21315
26403
11102
26216
6879
10534
10610
15903
12780
18492
9636
27277
1139
22580
11473
10356
19747
21208
27511
23659
13466
5418
25561
23381
16918
25455
29633
5065
25456
-1833
22047
5504
1201
18094
9607
13792
6493
3406
15073
16969
6743
19943
10602
8040
10129
14746
8722
13741
10092
7206
-861
26609
4409
19118
21975
3087
17529
28224
1435
9925
-583
4140
20423
29253
20589
16488
10118
8233
21672
20253
16107
611
24020
10587
24705
9480
13189
29503
11756
12049
1940
25038
2202
29117
14699
25258
2807
18438
24414
10177
8328
26916
27044
20301
382
23198
23056
29480
12754
25178
14551
1483
13574
6597
22779
4733
19563
29202
24454
21441
26918
5724
-1147
4041
314
5736
13809
10607
16701
16304
13017
20131
11495
3618
5967
15474
7523
446
13779
11556
21157
24952
29450
15655
16045
263
29944
7688
3987
11279
26000
13187
29298
22852
18262
4355
12677
13983
26900
20133
1154
17779
10693
18606
14190
18655
11316
1334
16981
21662
27050
452
19897
13862
15651
17868
25389
24872
8600
26145
6890
28782
6378
15251
2464
-1619
12055
8691
26564
2634
20070
24872
19390
20783
4999
685
1192
11131
28427
26298
2411
6443
7544
10183
27938
18662
20243
2986
24039
13991
784
20858
16823
10062
24625
27688
18794
13366
7321
1350
2529
12845
28741
24285
4057
16859
2250
25160
-92
11265
7691
15746
14964
21463
15968
20798
6339
7874
21610
21567
4341
22038
11454
26535
489
21897
11561
14096
22398
27748
21255
1382
8874
535
5185
-378
21889
20663
-1195
-1076
6301
19364
13279
22661
4596
4582
18566
24898
27912
9268
19806
28707
3648
6324
15242
26450
-55
4603
-1814
11923
11893
10651
2672
18777
13912
26123
-1400
-707
8756
2288
3938
5991
12079
28651
6133
18328
8200
15397
25306
24405
1326
21597
17171
29916
21288
7299
2664
29273
27026
8180
23107
6556
684
9618
3020
10861
13463
19685
18277
19567
4800
26940
18461
668
13912
18170
16831
-757
15889
12347
18034
24727
6500
1671
5874
9056
21785
18994
28868
12573
-1080
1086
18427
16230
12483
14056
16727
27930
-805
14660
24776
21651
25125
83
2675
25295
9641
4931
2130
22075
23008
-1967
8189
12577
20307
7662
9306
10925
11705
13236
8623
3605
4533
20758
9630
10907
-1921
18420
28929
21077
29387
-176
13690
14285
2004
19250
28306
9710
13776
25227
4903
804
28238
20346
22834
4424
19188
12261
10824
12522
2290
29047
23633
23934
7404
22294
-940
27900
17489
25900
13806
23143
6083
5814
6147
23606
6720
24383
12933
21392
10085
283
10672
24330
22456
24589
7169
19396
16154
23589
20696
20234
1418
9972
25865
23634
5294
2753
18883
1087
14128
22295
11962
15209
18237
2026
18002
22217
5850
2054
17495
27949
20874
11970
8524
14511
8934
22779
1208
745
14717
7566
15674
14396
798
7976
-1534
25452
26490
23764
10595
5975
23915
11532
23019
5077
20569
13269
15719
4421
10239
9193
27763
12573
18548
29999
20257
2647
12084
12840
16587
21339
21811
6064
2777
3338
24141
20806
16675
8260
13065
22316
15175
19833
18938
25630
18450
28512
15110
3508
14008
6210
14869
7270
-1279
1657
3488
6330
4079
6732
1640
10913
-1942
9138
13974
9058
3678
8014
13329
10982
26024
17383
10436
22130
22666
14470
27968
21854
8941
21120
8015
24246
10448
21226
22846
20590
2068
9949
16976
15221
3777
15976
3133
8291
6254
-910
4038
24689
12372
6712
28965
1975
9449
9535
1425
15746
2153
22972
6290
26735
7816
7368
-1878
2328
17628
9012
18239
10345
-480
11316
3187
15631
706
11157
1161
7314
3239
-278
19641
19828
15998
20472
663
-1124
18373
8111
3225
16613
863
26507
2090
26659
4396
5483
5550
24157
23792
5124
1183
1743
20490
20642
18866
8064
2198
12347
14988
633
13437
23001
26281
8883
22245
12017
10356
9310
12675
4058
12827
575
24122
12868
210
2903
23271
29910
10369
28839
24785
26613
16328
4174
4970
8662
29530
10884
28387
18034
5226
6057
-1238
12593
4697
14935
26960
10092
12946
18304
24174
15633
9881
3413
12057
23223
22610
4019
13603
29551
17338
-1638
2683
19409
12858
21384
24714
25499
15782
16329
5593
17601
29900
15921
12068
12806
5406
17418
6434
29047
20012
2476
19801
7306
3743
11960
9125
26009
8434
7181
21561
8423
-1341
14332
23721
1133
8622
23555
2124
25475
12724
22676
7201
2465
9431
-422
222
15043
26146
16708
7082
9979
22382
27350
27235
23231
27814
3821
12566
8590
10163
13492
646
22530
514
23926
810
15005
29022
-1616
5948
10067
23584
15528
24144
22860
3124
25676
21963
14448
3503
2759
10340
26538
-19
4151
22336
28187
6577
8701
3285
10108
29955
3216
5930
13543
24473
13752
4748
15476
16529
29571
19141
22769
21576
20782
17633
22087
-1542
-299
-108
15118
21625
21000
7538
15165
4377
2429
4083
29199
19863
25266
20342
17712
-359
5762
21659
-1693
4637
26380
26131
8018
1694
2598
14839
6337
20196
26763
6916
13908
16779
26742
14594
14332
29716
19201
9059
23120
16722
3986
15978
25073
11307
20860
25926
463
3437
18501
4808
5086
20698
24364
5888
3059
23194
24492
14505
14042
356
14723
26734
27987
7795
9430
14990
8850
9291
16558
4485
-465
2172
28486
14954
7534
19067
22884
7526
17624
24150
4934
10843
7925
9257
16574
1091
15008
11184
24602
27330
11771
10620
17976
1589
18643
7695
23498
23745
23816
26886
25163
20934
17252
15149
5555
25209
25620
26655
28342
7600
7923
17765
10120
18965
2672
18249
11889
18737
18727
3710
27339
15802
5072
11198
9874
9471
-1922
13289
9221
657
1838
27562
4953
22339
18533
1637
22639
21993
24800
19068
17173
9045
29036
26421
27258
28065
12530
1930
2024
29332
11251
25769
21022
12390
8165
16281
7389
1410
25756
29249
7564
6883
10121
27653
8326
8311
18156
-1357
28132
22881
21990
3090
12139
13867
20088
11043
7179
345
5665
29900
10589
-1265
12657
29901
12041
3448
9849
20647
10150
20888
12415
7921
13780
12833
3612
576
6784
1346
7211
21190
20325
7406
5164
11080
17941
21942
16904
27244
19144
1171
-1665
13344
18784
16102
24191
24957
3778
26128
13656
29859
18546
28125
7839
9486
22531
22982
21311
-1650
25683
12430
6667
21230
11090
641
16703
-1166
22624
-897
29930
9795
14630
2425
739
27358
19337
6051
15863
18306
9802
26272
2959
440
23322
3571
16698
18081
2613
17994
26213
6686
536
23438
11494
20915
9789
28234
16563
13615
16884
7325
-1506
12347
16807
28332
11408
19699
19330
9883
6403
2349
18804
24281
-1176
691
14183
5759
23084
-1203
28932
18834
14569
-1429
15463
5532
4407
21655
10884
13483
195
29660
11601
3517
19463
18898
25660
1936
18907
2833
29284
18650
6361
25114
16640
8133
10109
25820
13849
12777
28257
10502
25518
14346
12448
51
21653
6516
22834
6306
25186
17218
173
22972
11581
15079
16753
5209
17501
12117
19199
7246
-1660
-601
3745
25989
-1120
6878
21567
22894
14094
18739
1944
5929
16587
-1588
10664
16262
26053
26824
14833
-1695
4060
3251
25579
26479
26515
23747
17369
3689
-816
6379
29941
-619
17525
28725
13227
10815
29721
12853
18853
26124
24591
2476
7039
24024
16687
29463
22049
27030
24634
19493
23544
26404
27633
16521
4979
19383
-563
16288
15578
14052
6396
11393
29804
22007
20515
15385
4761
13081
4312
18515
17595
21496
19190
17231
26219
29107
12226
2788
9427
27797
24588
13680
27023
19253
4999
21907
6194
15378
13893
11221
4159
15089
21871
14864
5471
25769
19132
2493
28349
18998
3251
6437
16503
20250
8844
2111
18738
27313
6457
19156
8150
17265
26758
14389
13060
18008
6379
7784
9900
1884
5750
7046
23534
16338
22180
20290
14818
16111
9015
27838
17876
4152
13530
25240
24652
18785
0