9589
22973
26887
26181
2876
10054
24663
7735
14965
19425
10449
819
19912
16468
19699
27704
16868
20230
24617
18639
1210
14673
15488
4491
7644
18950
23933
2976
11048
17212
20603
378
9487
-601
19163
9349
5027
6477
29018
15858
-454
29749
278
8419
3435
10542
-635
3175
27964
17724
22301
17129
29413
12504
4505
26876
-372
12427
1725
19675
28996
28443
9733
1516
101
24797
3826
-166
19966
29343
29880
-1717
27552
28344
15557
796
21974
3163
17050
3385
822
6835
25534
13519
534
3988
17078
596
6771
21148
24609
2665
20027
-1271
6680
15556
991
18551
10746
1109
20297
7860
8817
11926
799
28297
5490
4867
29914
25686
7921
23430
-2045487916165948
8364
16512
11123
9320
8888
2045487916165948
0